-8.999999999999996891e-02
-1.000000000000000368e-02
9.999999999999995004e-03
-1.000000000000000194e-02
-1.650000000000000078e-01
-1.900000000000000300e-01
-6.000000000000000472e-02
-1.000000000000000021e-02
1.499999999999999598e-02
1.000000000000000021e-03
-3.000000000000000062e-03
-3.699999999999999817e-02
5.000000000000006176e-03
-2.500000000000000833e-02
-5.000000000000000104e-03
-1.000000000000000021e-02
9.999999999999996739e-03
-2.000000000000000042e-02
1.000000000000000021e-02
-8.299999999999999045e-02
-6.500000000000000222e-02
-3.700000000000001205e-02
-6.000000000000001166e-02
-1.199999999999999852e-02
-7.000000000000000666e-02
2.999999999999999889e-02
-4.999999999999994033e-03
1.300000000000000114e-02
-1.500000000000000291e-02
-1.699999999999999428e-02
-1.899999999999998912e-02
-3.589999999999998748e-01
2.000000000000000389e-02
0.000000000000000000e+00
-1.699999999999999428e-02
1.999999999999998307e-03
-1.999999999999999695e-02
-2.000000000000000042e-03
-2.799999999999999711e-02
0.000000000000000000e+00
-4.000000000000000083e-02
1.300000000000000114e-02
-6.999999999999994074e-03
1.999999999999999695e-02
-1.000000000000000021e-02
1.000000000000000021e-02
1.000000000000003490e-03
-5.000000000000000104e-03
-2.500000000000004996e-02
-7.000000000000000146e-03
-4.000000000000000083e-02
-1.000000000000000368e-02
-2.000000000000000389e-02
-3.700000000000001205e-02
3.469446951953614189e-18
-1.000000000000000021e-02
5.000000000000003574e-03
2.400000000000000744e-02
1.000000000000000021e-02
-5.000000000000000104e-03
-1.799999999999999517e-02
0.000000000000000000e+00
-5.000000000000000278e-02
-2.699999999999998929e-02
4.399999999999999745e-02
6.499999999999998834e-02
-2.000000000000000042e-02
6.000000000000000125e-03
-1.699999999999999775e-02
0.000000000000000000e+00
-2.000000000000000042e-03
-5.000000000000000104e-03
-1.999999999999999695e-02
-2.000000000000000042e-02
-2.999999999999999889e-02
-5.000000000000000000e-01
5.500000000000000722e-02
-1.799999999999999864e-02
-1.599999999999999686e-02
-2.000000000000000042e-02
-1.999999999999999695e-02
-2.999999999999999889e-02
-2.699999999999999623e-02
0.000000000000000000e+00
-1.699999999999999428e-02
-2.699999999999999623e-02
-3.469446951953614189e-18
-1.000000000000000368e-02
-2.000000000000000389e-02
-9.000000000000023606e-03
-4.000000000000000777e-02
-1.399999999999999856e-02
-1.000000000000002970e-01
-7.999999999999997391e-02
6.299999999999998657e-02
-2.999999999999999889e-02
-1.470000000000000195e-01
